$ANSIBLE_VAULT;1.1;AES256
61376638306663643336386236326662646161613664646539666132343664616461643632613731
3431313563633964363866613432666162353938393666610a303763333338373539333162646164
37306639316163313863623564626537326535663930306565653535346534306432336261653065
3532383966343732380a316562376136373563666230306634383666356130623536393136646232
31343363643738333831343634363064323137363537353539393135393864613761383736646131
35326364303630643230343437393331616635326331666464383136623434336531313363386464
61333131353430303634343034623634343931363863323838303634626632363833393930633064
64313562326535393463363534663231303131343235313464323336383031386365343635656664
37633261633833333164313163613239386661386534396663303766643337663438353861376433
33636262636135326530626338333561626634393034316132636236363035386331303634323334
63323033666337343362316565306439336133303938386532623532663363303237396266393235
39386233363735373863663839613332306532393931613064323165623133643132643335336534
38313734636436346262373937363734386235613863383235363430333935616331346335623636
63346132323863343763356166356466613063346131373334633131303732613430356665373035
38323038343937393966626162623533376265646337623765613462646635343535326561343964
39616435363163326162646435383131396137343364613034643265643063343463366363346230
31376135663239376230353633616638333265626330626366623535376231393532613433356334
39666463306561613231376465666338393239363739653331613461633336373738346437343330
63656537333638393833666239333530306634393136326335343763616266626134656236646135
39343663356439643065333664666536336632636466376533386435613066313634613437303037
62386235363932373331383636663364373931306639636236636238646637346638623230646364
36653065336330653730313361303738353566323538626630623835663031626532373366313537
65343132366132643833313865303839663130363337666461343366396562666232396335613166
33373731316662616131633532633237333031653763343330366531376463636366313836616664
37623636393662643430393232633165343936336561393933626133653863653862663931356137
32653163616162376236393635373064336238383637363735356436653161376531353164333264
64663065663739393761306362313463376265656432313832396139646639303233323066326363
32303262633262323461
